120,86
121,86
122,86
123,86
124,86
125,86
119,87
120,87
121,87
122,87
123,87
124,87
125,87
126,87
118,88
119,88
120,88
121,88
122,88
123,88
124,88
125,88
126,88
117,89
118,89
119,89
120,89
121,89
122,89
123,89
124,89
125,89
126,89
127,89
117,90
118,90
119,90
120,90
121,90
122,90
123,90
124,90
125,90
126,90
127,90
117,91
118,91
119,91
120,91
121,91
122,91
123,91
124,91
125,91
126,91
127,91
128,91
117,92
118,92
119,92
120,92
121,92
122,92
123,92
124,92
125,92
126,92
127,92
128,92
117,93
118,93
119,93
120,93
121,93
122,93
123,93
124,93
125,93
126,93
127,93
128,93
129,93
117,94
118,94
119,94
120,94
121,94
122,94
123,94
124,94
125,94
126,94
127,94
128,94
129,94
117,95
118,95
119,95
120,95
121,95
122,95
123,95
124,95
125,95
126,95
127,95
128,95
129,95
117,96
118,96
119,96
120,96
121,96
122,96
123,96
124,96
125,96
126,96
127,96
128,96
129,96
130,96
117,97
118,97
119,97
120,97
121,97
122,97
123,97
124,97
125,97
126,97
127,97
128,97
129,97
130,97
118,98
119,98
120,98
121,98
122,98
123,98
124,98
125,98
126,98
127,98
128,98
129,98
130,98
118,99
119,99
120,99
121,99
122,99
123,99
124,99
125,99
126,99
127,99
128,99
129,99
130,99
119,100
120,100
121,100
122,100
123,100
124,100
125,100
126,100
127,100
129,100
120,101
121,101
122,101
123,101
124,101
125,101
126,101
127,101
128,101
129,101
125,102
126,102
127,102
128,102
126,103
127,103
128,103
126,104
127,104
184,201
185,201
187,201
182,202
183,202
184,202
185,202
186,202
187,202
181,203
182,203
183,203
184,203
185,203
186,203
187,203
188,203
180,204
181,204
182,204
183,204
184,204
185,204
186,204
187,204
188,204
189,204
179,205
180,205
181,205
182,205
183,205
184,205
185,205
186,205
187,205
188,205
189,205
179,206
180,206
181,206
182,206
183,206
184,206
185,206
186,206
187,206
188,206
189,206
190,206
179,207
180,207
181,207
182,207
183,207
184,207
185,207
186,207
187,207
188,207
189,207
190,207
179,208
180,208
181,208
182,208
183,208
184,208
185,208
186,208
187,208
188,208
189,208
190,208
179,209
180,209
181,209
182,209
183,209
184,209
185,209
186,209
187,209
188,209
189,209
190,209
179,210
180,210
181,210
182,210
183,210
184,210
185,210
186,210
187,210
188,210
189,210
190,210
179,211
180,211
181,211
182,211
183,211
184,211
185,211
186,211
187,211
188,211
189,211
190,211
179,212
180,212
181,212
182,212
183,212
184,212
185,212
186,212
187,212
188,212
189,212
190,212
179,213
180,213
181,213
182,213
183,213
184,213
185,213
186,213
187,213
188,213
189,213
180,214
181,214
182,214
183,214
184,214
185,214
186,214
187,214
188,214
189,214
181,215
182,215
183,215
184,215
185,215
186,215
187,215
188,215
182,216
183,216
184,216
185,216
186,216
187,216
183,217
184,217
185,217
186,217
92,102
93,102
94,102
95,102
96,102
97,102
98,102
99,102
100,102
101,102
102,102
103,102
92,103
93,103
94,103
95,103
96,103
97,103
98,103
99,103
100,103
101,103
102,103
103,103
104,103
105,103
92,104
93,104
94,104
95,104
96,104
97,104
98,104
99,104
100,104
101,104
102,104
103,104
104,104
105,104
92,105
93,105
94,105
95,105
96,105
97,105
98,105
99,105
100,105
101,105
102,105
103,105
104,105
105,105
106,105
92,106
93,106
94,106
95,106
96,106
97,106
98,106
99,106
100,106
101,106
102,106
103,106
104,106
105,106
106,106
107,106
92,107
93,107
94,107
95,107
96,107
97,107
98,107
99,107
100,107
101,107
102,107
103,107
104,107
105,107
106,107
107,107
92,108
93,108
94,108
95,108
96,108
97,108
98,108
99,108
100,108
101,108
102,108
103,108
105,108
106,108
107,108
92,109
93,109
94,109
95,109
96,109
97,109
98,109
99,109
100,109
101,109
102,109
103,109
104,109
105,109
106,109
107,109
92,110
93,110
94,110
95,110
96,110
97,110
98,110
99,110
100,110
101,110
102,110
103,110
104,110
105,110
106,110
107,110
92,111
93,111
94,111
95,111
96,111
97,111
98,111
99,111
100,111
101,111
102,111
103,111
104,111
105,111
106,111
107,111
92,112
93,112
94,112
95,112
96,112
97,112
98,112
99,112
100,112
101,112
102,112
103,112
104,112
105,112
106,112
107,112
92,113
93,113
94,113
95,113
96,113
97,113
98,113
99,113
100,113
101,113
102,113
103,113
104,113
105,113
106,113
107,113
92,114
93,114
94,114
95,114
96,114
97,114
98,114
99,114
100,114
101,114
102,114
103,114
104,114
105,114
106,114
107,114
92,115
93,115
94,115
95,115
96,115
97,115
98,115
99,115
100,115
101,115
102,115
103,115
104,115
105,115
106,115
107,115
92,116
93,116
94,116
95,116
96,116
97,116
98,116
99,116
100,116
101,116
102,116
103,116
105,116
107,116
92,117
93,117
94,117
95,117
96,117
97,117
98,117
99,117
100,117
101,117
102,117
103,117
104,117
105,117
106,117
107,117
92,118
93,118
94,118
95,118
96,118
97,118
98,118
99,118
100,118
101,118
102,118
103,118
104,118
105,118
106,118
107,118
105,119
106,119
107,119
106,120
107,120
228,152
229,152
230,152
231,152
232,152
233,152
234,152
235,152
236,152
237,152
238,152
239,152
240,152
228,153
229,153
230,153
231,153
232,153
233,153
234,153
235,153
236,153
237,153
238,153
239,153
240,153
228,154
229,154
230,154
231,154
232,154
233,154
234,154
235,154
236,154
237,154
238,154
239,154
240,154
228,155
229,155
230,155
231,155
232,155
233,155
234,155
235,155
236,155
237,155
238,155
239,155
240,155
228,156
229,156
230,156
231,156
232,156
233,156
234,156
235,156
236,156
237,156
238,156
239,156
240,156
228,157
229,157
230,157
231,157
232,157
233,157
234,157
235,157
236,157
237,157
238,157
239,157
240,157
228,158
229,158
230,158
231,158
232,158
233,158
234,158
235,158
236,158
237,158
238,158
239,158
240,158
228,159
229,159
230,159
231,159
232,159
233,159
234,159
235,159
236,159
237,159
238,159
239,159
240,159
228,160
229,160
230,160
231,160
232,160
233,160
234,160
235,160
236,160
237,160
238,160
239,160
240,160
228,161
229,161
230,161
231,161
232,161
233,161
234,161
235,161
236,161
237,161
238,161
239,161
240,161
228,162
229,162
230,162
231,162
232,162
233,162
234,162
235,162
236,162
237,162
238,162
239,162
240,162
229,163
230,163
231,163
232,163
233,163
234,163
235,163
236,163
237,163
238,163
239,163
240,163
228,164
229,164
230,164
231,164
232,164
233,164
234,164
235,164
236,164
237,164
238,164
239,164
240,164
228,165
229,165
230,165
231,165
232,165
233,165
234,165
235,165
236,165
237,165
238,165
239,165
240,165
228,166
229,166
230,166
231,166
232,166
233,166
234,166
235,166
236,166
237,166
238,166
239,166
240,166
228,167
229,167
230,167
231,167
232,167
233,167
234,167
235,167
236,167
237,167
238,167
239,167
240,167
179,102
180,102
181,102
182,102
183,102
184,102
185,102
186,102
187,102
188,102
189,102
190,102
179,103
180,103
181,103
182,103
183,103
184,103
185,103
186,103
187,103
188,103
189,103
190,103
179,104
180,104
181,104
182,104
183,104
184,104
185,104
186,104
187,104
188,104
189,104
190,104
179,105
180,105
181,105
182,105
183,105
184,105
185,105
186,105
187,105
188,105
189,105
190,105
179,106
180,106
181,106
182,106
183,106
184,106
185,106
186,106
187,106
188,106
189,106
190,106
179,107
180,107
181,107
182,107
183,107
184,107
185,107
186,107
187,107
188,107
189,107
190,107
179,108
180,108
181,108
182,108
183,108
184,108
185,108
186,108
187,108
188,108
189,108
190,108
179,109
180,109
181,109
182,109
183,109
184,109
185,109
186,109
187,109
188,109
189,109
190,109
179,110
180,110
181,110
182,110
183,110
184,110
185,110
186,110
187,110
188,110
189,110
190,110
179,111
180,111
181,111
182,111
183,111
184,111
185,111
186,111
187,111
188,111
189,111
190,111
179,112
180,112
181,112
182,112
183,112
184,112
185,112
186,112
187,112
188,112
189,112
190,112
179,113
180,113
181,113
182,113
183,113
184,113
185,113
186,113
187,113
188,113
189,113
190,113
179,114
180,114
181,114
182,114
183,114
184,114
185,114
186,114
187,114
188,114
189,114
190,114
179,115
180,115
181,115
182,115
183,115
184,115
185,115
186,115
187,115
188,115
189,115
190,115
179,116
180,116
181,116
182,116
183,116
184,116
185,116
186,116
187,116
188,116
189,116
190,116
179,117
180,117
181,117
182,117
183,117
184,117
185,117
186,117
187,117
188,117
189,117
190,117
179,118
180,118
181,118
182,118
183,118
184,118
185,118
186,118
187,118
188,118
189,118
190,118
140,201
141,201
138,202
139,202
140,202
141,202
142,202
143,202
144,202
145,202
146,202
137,203
138,203
139,203
140,203
141,203
142,203
143,203
144,203
145,203
147,203
137,204
138,204
139,204
140,204
141,204
142,204
143,204
144,204
145,204
146,204
147,204
136,205
137,205
138,205
139,205
140,205
141,205
142,205
143,205
144,205
145,205
146,205
147,205
136,206
137,206
138,206
139,206
140,206
141,206
142,206
143,206
144,206
145,206
146,206
147,206
135,207
136,207
137,207
138,207
139,207
140,207
141,207
142,207
143,207
144,207
145,207
146,207
147,207
135,208
136,208
137,208
138,208
139,208
140,208
141,208
142,208
143,208
144,208
145,208
146,208
147,208
135,209
136,209
137,209
138,209
139,209
140,209
141,209
142,209
143,209
144,209
145,209
146,209
147,209
135,210
136,210
137,210
138,210
139,210
140,210
141,210
142,210
143,210
144,210
145,210
146,210
147,210
135,211
136,211
137,211
138,211
139,211
140,211
141,211
142,211
143,211
144,211
145,211
146,211
136,212
137,212
138,212
139,212
140,212
141,212
142,212
143,212
144,212
145,212
146,212
136,213
137,213
138,213
139,213
140,213
141,213
142,213
143,213
144,213
145,213
146,213
136,214
137,214
138,214
139,214
140,214
141,214
142,214
143,214
144,214
145,214
137,215
138,215
139,215
140,215
141,215
142,215
143,215
144,215
145,215
138,216
139,216
140,216
141,216
142,216
143,216
144,216
139,217
140,217
141,217
142,217
120,86
121,86
122,86
123,86
124,86
125,86
119,87
120,87
121,87
122,87
123,87
124,87
125,87
126,87
118,88
119,88
120,88
121,88
122,88
123,88
124,88
125,88
126,88
117,89
118,89
119,89
120,89
121,89
122,89
123,89
124,89
125,89
126,89
127,89
117,90
118,90
119,90
120,90
121,90
122,90
123,90
124,90
125,90
126,90
127,90
117,91
118,91
119,91
120,91
121,91
122,91
123,91
124,91
125,91
126,91
127,91
128,91
117,92
118,92
119,92
120,92
121,92
122,92
123,92
124,92
125,92
126,92
127,92
128,92
117,93
118,93
119,93
120,93
121,93
122,93
123,93
124,93
125,93
126,93
127,93
128,93
129,93
117,94
118,94
119,94
120,94
121,94
122,94
123,94
124,94
125,94
126,94
127,94
128,94
129,94
117,95
118,95
119,95
120,95
121,95
122,95
123,95
124,95
125,95
126,95
127,95
128,95
129,95
117,96
118,96
119,96
120,96
121,96
122,96
123,96
124,96
125,96
126,96
127,96
128,96
129,96
130,96
117,97
118,97
119,97
120,97
121,97
122,97
123,97
124,97
125,97
126,97
127,97
128,97
129,97
130,97
118,98
119,98
120,98
121,98
122,98
123,98
124,98
125,98
126,98
127,98
128,98
130,98
118,99
119,99
120,99
121,99
122,99
123,99
124,99
125,99
126,99
127,99
128,99
129,99
119,100
120,100
121,100
122,100
123,100
124,100
125,100
127,100
128,100
129,100
120,101
121,101
122,101
123,101
124,101
125,101
126,101
127,101
128,101
129,101
125,102
126,102
127,102
128,102
126,103
127,103
128,103
126,104
127,104
184,201
185,201
187,201
182,202
183,202
184,202
185,202
186,202
187,202
181,203
182,203
183,203
184,203
185,203
186,203
187,203
188,203
180,204
181,204
182,204
183,204
184,204
185,204
186,204
187,204
188,204
189,204
179,205
180,205
181,205
182,205
183,205
184,205
185,205
186,205
187,205
188,205
189,205
179,206
180,206
181,206
182,206
183,206
184,206
185,206
186,206
187,206
188,206
189,206
190,206
179,207
180,207
181,207
182,207
183,207
184,207
185,207
186,207
187,207
188,207
189,207
190,207
179,208
180,208
181,208
182,208
183,208
184,208
185,208
186,208
187,208
188,208
189,208
190,208
179,209
180,209
181,209
182,209
183,209
184,209
185,209
186,209
187,209
188,209
189,209
190,209
179,210
180,210
181,210
182,210
183,210
184,210
185,210
186,210
187,210
188,210
189,210
190,210
179,211
180,211
181,211
182,211
183,211
184,211
185,211
186,211
187,211
188,211
189,211
190,211
179,212
180,212
181,212
182,212
183,212
184,212
185,212
186,212
187,212
188,212
189,212
190,212
179,213
180,213
181,213
182,213
183,213
184,213
185,213
186,213
187,213
188,213
189,213
180,214
181,214
182,214
183,214
184,214
185,214
186,214
187,214
188,214
189,214
181,215
182,215
183,215
184,215
185,215
186,215
187,215
188,215
182,216
183,216
184,216
185,216
186,216
187,216
183,217
184,217
185,217
186,217
120,86
121,86
122,86
123,86
124,86
125,86
119,87
120,87
121,87
122,87
123,87
124,87
125,87
126,87
118,88
119,88
120,88
121,88
122,88
123,88
124,88
125,88
126,88
117,89
118,89
119,89
120,89
121,89
122,89
123,89
124,89
125,89
126,89
127,89
117,90
118,90
119,90
120,90
121,90
122,90
123,90
124,90
125,90
126,90
127,90
117,91
118,91
119,91
120,91
121,91
122,91
123,91
124,91
125,91
126,91
127,91
128,91
117,92
118,92
119,92
120,92
121,92
122,92
123,92
124,92
125,92
126,92
127,92
128,92
117,93
118,93
119,93
120,93
121,93
122,93
123,93
124,93
125,93
126,93
127,93
128,93
129,93
117,94
118,94
119,94
120,94
121,94
122,94
123,94
124,94
125,94
126,94
127,94
128,94
129,94
117,95
118,95
119,95
120,95
121,95
122,95
123,95
124,95
125,95
126,95
127,95
128,95
129,95
117,96
118,96
119,96
120,96
121,96
122,96
123,96
124,96
125,96
126,96
127,96
128,96
129,96
130,96
117,97
118,97
119,97
120,97
121,97
122,97
123,97
124,97
125,97
126,97
127,97
128,97
129,97
130,97
118,98
119,98
120,98
121,98
122,98
123,98
124,98
125,98
126,98
127,98
128,98
129,98
130,98
118,99
119,99
120,99
121,99
122,99
123,99
124,99
125,99
126,99
127,99
128,99
129,99
130,99
119,100
120,100
121,100
122,100
123,100
124,100
125,100
126,100
127,100
128,100
129,100
120,101
121,101
122,101
123,101
124,101
125,101
126,101
127,101
128,101
129,101
125,102
126,102
127,102
128,102
126,103
127,103
128,103
126,104
127,104
184,201
185,201
187,201
182,202
183,202
184,202
185,202
186,202
187,202
181,203
182,203
183,203
184,203
185,203
186,203
187,203
188,203
180,204
181,204
182,204
183,204
184,204
185,204
186,204
187,204
188,204
189,204
179,205
180,205
181,205
182,205
183,205
184,205
185,205
186,205
187,205
188,205
189,205
179,206
180,206
181,206
182,206
183,206
184,206
185,206
186,206
187,206
188,206
189,206
190,206
179,207
180,207
181,207
182,207
183,207
184,207
185,207
186,207
187,207
188,207
189,207
190,207
179,208
180,208
181,208
182,208
183,208
184,208
185,208
186,208
187,208
188,208
189,208
190,208
179,209
180,209
181,209
182,209
183,209
184,209
185,209
186,209
187,209
188,209
189,209
190,209
179,210
180,210
181,210
182,210
183,210
184,210
185,210
186,210
187,210
188,210
189,210
190,210
179,211
180,211
181,211
182,211
183,211
184,211
185,211
186,211
187,211
188,211
189,211
190,211
179,212
180,212
181,212
182,212
183,212
184,212
185,212
186,212
187,212
188,212
189,212
190,212
179,213
180,213
181,213
182,213
183,213
184,213
185,213
186,213
187,213
188,213
189,213
180,214
181,214
182,214
183,214
184,214
185,214
186,214
187,214
188,214
189,214
181,215
182,215
183,215
184,215
185,215
186,215
187,215
188,215
182,216
183,216
184,216
185,216
186,216
187,216
183,217
184,217
185,217
186,217
92,102
93,102
94,102
95,102
96,102
97,102
98,102
99,102
100,102
101,102
102,102
103,102
104,102
92,103
93,103
94,103
95,103
96,103
97,103
98,103
99,103
100,103
101,103
102,103
103,103
104,103
105,103
92,104
93,104
94,104
95,104
96,104
97,104
98,104
99,104
100,104
101,104
102,104
103,104
104,104
105,104
92,105
93,105
94,105
95,105
96,105
97,105
98,105
99,105
100,105
101,105
102,105
103,105
104,105
105,105
106,105
92,106
93,106
94,106
95,106
96,106
97,106
98,106
99,106
100,106
101,106
102,106
103,106
104,106
105,106
106,106
107,106
92,107
93,107
94,107
95,107
96,107
97,107
98,107
99,107
100,107
101,107
102,107
103,107
104,107
105,107
106,107
107,107
92,108
93,108
94,108
95,108
96,108
97,108
98,108
99,108
100,108
101,108
102,108
103,108
104,108
105,108
106,108
107,108
92,109
93,109
94,109
95,109
96,109
97,109
98,109
99,109
100,109
101,109
102,109
103,109
104,109
105,109
106,109
107,109
92,110
93,110
94,110
95,110
96,110
97,110
98,110
99,110
100,110
101,110
102,110
103,110
104,110
105,110
106,110
107,110
92,111
93,111
94,111
95,111
96,111
97,111
98,111
99,111
100,111
101,111
102,111
103,111
104,111
105,111
106,111
107,111
92,112
93,112
94,112
95,112
96,112
97,112
98,112
99,112
100,112
101,112
102,112
103,112
104,112
105,112
106,112
107,112
92,113
93,113
94,113
95,113
96,113
97,113
98,113
99,113
100,113
101,113
102,113
103,113
104,113
105,113
106,113
107,113
92,114
93,114
94,114
95,114
96,114
97,114
98,114
99,114
100,114
101,114
102,114
103,114
104,114
105,114
106,114
107,114
92,115
93,115
94,115
95,115
96,115
97,115
98,115
99,115
100,115
101,115
102,115
103,115
104,115
105,115
106,115
107,115
92,116
93,116
94,116
95,116
96,116
97,116
98,116
99,116
100,116
101,116
102,116
103,116
104,116
105,116
106,116
107,116
92,117
93,117
94,117
95,117
96,117
97,117
98,117
99,117
100,117
101,117
102,117
103,117
104,117
105,117
106,117
107,117
92,118
93,118
94,118
95,118
96,118
97,118
98,118
99,118
100,118
101,118
102,118
103,118
104,118
105,118
106,118
107,118
105,119
106,119
107,119
107,120
228,152
229,152
230,152
231,152
232,152
233,152
234,152
235,152
236,152
237,152
238,152
239,152
240,152
228,153
229,153
230,153
231,153
232,153
233,153
234,153
235,153
236,153
237,153
238,153
239,153
240,153
228,154
229,154
230,154
231,154
232,154
233,154
234,154
235,154
236,154
237,154
238,154
239,154
240,154
228,155
229,155
230,155
231,155
232,155
233,155
234,155
235,155
236,155
237,155
238,155
239,155
240,155
228,156
229,156
230,156
231,156
232,156
233,156
234,156
235,156
236,156
237,156
238,156
239,156
240,156
228,157
229,157
230,157
231,157
232,157
233,157
234,157
235,157
236,157
237,157
238,157
239,157
240,157
228,158
229,158
230,158
231,158
232,158
233,158
234,158
235,158
236,158
237,158
238,158
239,158
240,158
228,159
229,159
230,159
231,159
232,159
233,159
234,159
235,159
236,159
237,159
238,159
239,159
240,159
228,160
229,160
230,160
231,160
232,160
233,160
234,160
235,160
236,160
237,160
238,160
239,160
240,160
228,161
229,161
230,161
231,161
232,161
233,161
234,161
235,161
236,161
237,161
238,161
239,161
240,161
228,162
229,162
230,162
231,162
232,162
233,162
234,162
235,162
236,162
237,162
238,162
239,162
240,162
228,163
229,163
230,163
231,163
232,163
233,163
234,163
235,163
236,163
237,163
238,163
239,163
240,163
228,164
229,164
230,164
231,164
232,164
233,164
234,164
235,164
236,164
237,164
238,164
239,164
240,164
228,165
229,165
230,165
231,165
232,165
233,165
234,165
235,165
236,165
237,165
238,165
239,165
240,165
228,166
229,166
230,166
231,166
232,166
233,166
234,166
235,166
236,166
237,166
238,166
239,166
240,166
228,167
229,167
230,167
231,167
232,167
233,167
234,167
235,167
236,167
237,167
238,167
239,167
240,167
